  0.0000   0.0000
  0.0669   0.2101
  0.1338   0.4198
  0.2007   0.6288
  0.2676   0.8366
  0.3344   1.0430
  0.4013   1.2475
  0.4682   1.4499
  0.5351   1.6496
  0.6020   1.8465
  0.6689   2.0401
  0.7358   2.2301
  0.8027   2.4161
  0.8696   2.5979
  0.9365   2.7751
  1.0033   2.9474
  1.0702   3.1145
  1.1371   3.2761
  1.2040   3.4319
  1.2709   3.5817
  1.3378   3.7251
  1.4047   3.8619
  1.4716   3.9919
  1.5385   4.1149
  1.6054   4.2306
  1.6722   4.3389
  1.7391   4.4394
  1.8060   4.5322
  1.8729   4.6169
  1.9398   4.6935
  2.0067   4.7617
  2.0736   4.8216
  2.1405   4.8730
  2.2074   4.9157
  2.2742   4.9498
  2.3411   4.9751
  2.4080   4.9917
  2.4749   4.9994
  2.5418   4.9983
  2.6087   4.9883
  2.6756   4.9696
  2.7425   4.9421
  2.8094   4.9058
  2.8763   4.8609
  2.9431   4.8074
  3.0100   4.7454
  3.0769   4.6751
  3.1438   4.5965
  3.2107   4.5097
  3.2776   4.4150
  3.3445   4.3125
  3.4114   4.2024
  3.4783   4.0848
  3.5452   3.9601
  3.6120   3.8283
  3.6789   3.6898
  3.7458   3.5448
  3.8127   3.3935
  3.8796   3.2362
  3.9465   3.0732
  4.0134   2.9048
  4.0803   2.7313
  4.1472   2.5529
  4.2140   2.3700
  4.2809   2.1829
  4.3478   1.9920
  4.4147   1.7976
  4.4816   1.5999
  4.5485   1.3995
  4.6154   1.1966
  4.6823   0.9915
  4.7492   0.7848
  4.8161   0.5766
  4.8829   0.3674
  4.9498   0.1576
  5.0167  -0.0525
  5.0836  -0.2626
  5.1505  -0.4721
  5.2174  -0.6808
  5.2843  -0.8884
  5.3512  -1.0943
  5.4181  -1.2983
  5.4849  -1.5000
  5.5518  -1.6991
  5.6187  -1.8952
  5.6856  -2.0879
  5.7525  -2.2770
  5.8194  -2.4620
  5.8863  -2.6427
  5.9532  -2.8187
  6.0201  -2.9897
  6.0870  -3.1554
  6.1538  -3.3156
  6.2207  -3.4699
  6.2876  -3.6181
  6.3545  -3.7599
  6.4214  -3.8951
  6.4883  -4.0234
  6.5552  -4.1445
  6.6221  -4.2584
  6.6890  -4.3647
  6.7559  -4.4633
  6.8227  -4.5541
  6.8896  -4.6368
  6.9565  -4.7113
  7.0234  -4.7775
  7.0903  -4.8352
  7.1572  -4.8845
  7.2241  -4.9250
  7.2910  -4.9569
  7.3579  -4.9801
  7.4247  -4.9944
  7.4916  -4.9999
  7.5585  -4.9966
  7.6254  -4.9845
  7.6923  -4.9635
  7.7592  -4.9338
  7.8261  -4.8954
  7.8930  -4.8484
  7.9599  -4.7927
  8.0268  -4.7286
  8.0936  -4.6562
  8.1605  -4.5755
  8.2274  -4.4868
  8.2943  -4.3901
  8.3612  -4.2857
  8.4281  -4.1737
  8.4950  -4.0543
  8.5619  -3.9278
  8.6288  -3.7943
  8.6957  -3.6542
  8.7625  -3.5076
  8.8294  -3.3548
  8.8963  -3.1960
  8.9632  -3.0316
  9.0301  -2.8619
  9.0970  -2.6871
  9.1639  -2.5076
  9.2308  -2.3236
  9.2977  -2.1355
  9.3645  -1.9437
  9.4314  -1.7484
  9.4983  -1.5501
  9.5652  -1.3490
  9.6321  -1.1455
  9.6990  -0.9400
  9.7659  -0.7328
  9.8328  -0.5244
  9.8997  -0.3150
  9.9666  -0.1051
 10.0334   0.1051
 10.1003   0.3150
 10.1672   0.5244
 10.2341   0.7328
 10.3010   0.9400
 10.3679   1.1455
 10.4348   1.3490
 10.5017   1.5501
 10.5686   1.7484
 10.6355   1.9437
 10.7023   2.1355
 10.7692   2.3236
 10.8361   2.5076
 10.9030   2.6871
 10.9699   2.8619
 11.0368   3.0316
 11.1037   3.1960
 11.1706   3.3548
 11.2375   3.5076
 11.3043   3.6542
 11.3712   3.7943
 11.4381   3.9278
 11.5050   4.0543
 11.5719   4.1737
 11.6388   4.2857
 11.7057   4.3901
 11.7726   4.4868
 11.8395   4.5755
 11.9064   4.6562
 11.9732   4.7286
 12.0401   4.7927
 12.1070   4.8484
 12.1739   4.8954
 12.2408   4.9338
 12.3077   4.9635
 12.3746   4.9845
 12.4415   4.9966
 12.5084   4.9999
 12.5753   4.9944
 12.6421   4.9801
 12.7090   4.9569
 12.7759   4.9250
 12.8428   4.8845
 12.9097   4.8352
 12.9766   4.7775
 13.0435   4.7113
 13.1104   4.6368
 13.1773   4.5541
 13.2441   4.4634
 13.3110   4.3647
 13.3779   4.2584
 13.4448   4.1445
 13.5117   4.0234
 13.5786   3.8951
 13.6455   3.7599
 13.7124   3.6181
 13.7793   3.4699
 13.8462   3.3156
 13.9130   3.1554
 13.9799   2.9897
 14.0468   2.8187
 14.1137   2.6427
 14.1806   2.4620
 14.2475   2.2770
 14.3144   2.0879
 14.3813   1.8952
 14.4482   1.6991
 14.5151   1.5000
 14.5819   1.2983
 14.6488   1.0943
 14.7157   0.8884
 14.7826   0.6808
 14.8495   0.4721
 14.9164   0.2626
 14.9833   0.0525
 15.0502  -0.1576
 15.1171  -0.3674
 15.1839  -0.5766
 15.2508  -0.7848
 15.3177  -0.9915
 15.3846  -1.1966
 15.4515  -1.3995
 15.5184  -1.5999
 15.5853  -1.7976
 15.6522  -1.9920
 15.7191  -2.1829
 15.7860  -2.3700
 15.8528  -2.5529
 15.9197  -2.7313
 15.9866  -2.9048
 16.0535  -3.0732
 16.1204  -3.2362
 16.1873  -3.3935
 16.2542  -3.5448
 16.3211  -3.6898
 16.3880  -3.8283
 16.4548  -3.9601
 16.5217  -4.0848
 16.5886  -4.2024
 16.6555  -4.3125
 16.7224  -4.4150
 16.7893  -4.5097
 16.8562  -4.5965
 16.9231  -4.6751
 16.9900  -4.7454
 17.0569  -4.8074
 17.1237  -4.8609
 17.1906  -4.9058
 17.2575  -4.9421
 17.3244  -4.9696
 17.3913  -4.9883
 17.4582  -4.9983
 17.5251  -4.9994
 17.5920  -4.9917
 17.6589  -4.9751
 17.7258  -4.9498
 17.7926  -4.9157
 17.8595  -4.8730
 17.9264  -4.8216
 17.9933  -4.7617
 18.0602  -4.6935
 18.1271  -4.6169
 18.1940  -4.5322
 18.2609  -4.4394
 18.3278  -4.3389
 18.3946  -4.2306
 18.4615  -4.1149
 18.5284  -3.9919
 18.5953  -3.8619
 18.6622  -3.7251
 18.7291  -3.5817
 18.7960  -3.4319
 18.8629  -3.2761
 18.9298  -3.1145
 18.9967  -2.9474
 19.0635  -2.7751
 19.1304  -2.5979
 19.1973  -2.4161
 19.2642  -2.2301
 19.3311  -2.0401
 19.3980  -1.8465
 19.4649  -1.6496
 19.5318  -1.4499
 19.5987  -1.2475
 19.6656  -1.0430
 19.7324  -0.8366
 19.7993  -0.6288
 19.8662  -0.4198
 19.9331  -0.2101
 20.0000  -0.0000
