  0.0000   0.0000
  0.6897   2.0994
  1.3793   3.8108
  2.0690   4.8177
  2.7586   4.9341
  3.4483   4.1384
  4.1379   2.5778
  4.8276   0.5406
  5.5172  -1.5965
  6.2069  -3.4385
  6.8966  -4.6449
  7.5862  -4.9927
  8.2759  -4.4176
  8.9655  -3.0259
  9.6552  -1.0749
 10.3448   1.0749
 11.0345   3.0259
 11.7241   4.4176
 12.4138   4.9927
 13.1034   4.6449
 13.7931   3.4385
 14.4828   1.5965
 15.1724  -0.5406
 15.8621  -2.5778
 16.5517  -4.1384
 17.2414  -4.9341
 17.9310  -4.8178
 18.6207  -3.8108
 19.3103  -2.0994
 20.0000  -0.0000
